10013868
10017829
1002203
100237
1002611
1003192
10035446
10036922
10038462
1004736
1008
10083812
1010208
1010501
1010867
10122880
10123628
10125263
1013044
1013444
10135250
10135297
10136
1014102
1014350
10149137
101500
10156510
10157695
101608
10160904
10168146
1017056
10175675
10187738
10189979
1019732
10200
10216884
10220
1022437
10232687
1023317
10233756
10234184
10236280
10236925
10238330
10244171
10246839
1024922
1025229
1025249
10257686
10272247
10277858
10284606
10285858
1028826
10292
102960
10306027
10309098
10311630
1031224
10340
103410
1034381
10345275
1034753
10348909
1035409
10354345
10356511
10370608
10381446
10383
10387832
1039353
10403741
10406
10413222
1041507
10415882
1041806
104247
10424724
104250
10427188
10427809
10430572
10430781
10431460
10437094
104409
104471
10448868
10450946
104555
10464373
10467403
10475690
10476516
10482758
10495320
1049727
104986
10499741
105026
1050543
10507986
1050942
10512285
10519
10520185
10527926
1053112
10535217
10544264
10551987
10552397
1055457
10559523
10564376
1056741
10567775
10577069
10581898
1058884
10589144
10594960
1059698
10600906
10606052
1060786
10608235
1060951
10615071
10622754
10635423
106414
10657001
10665173
1066701
10669991
1067404
10684282
106843
106903
1069205
10696483
10703413
10704
10706782
10720777
10740367
107450
1074517
10748940
10751
10751527
10759063
1076594
10768714
10770289
1077091
10773174
10775363
10779250
1078692
1079073
10796530
10797337
10797546
10823053
1082645
10832431
10835234
10849433
10852879
1085859
10860
1086859
10891
10899738
10914912
109162
109171
10920
10920404
1092517
10937951
109438
10948474
10950860
10956015
1096314
10969433
10986873
10989248
110061
1100743
11008221
1101373
110174
1102289
110243
11025789
110271
11044155
11045795
11049645
1106146
11063482
1107124
11071460
1107750
11081328
11083343
11091994
110971
11109673
111243
11124552
1113943
11141285
1114585
11149678
11152484
1115799
111652
11173060
1117421
1117667
1117751
11178577
11187954
1119212
11196649
11207
112142
1122006
112239
11229342
11246082
11246147
11250597
1125281
11257015
11277
1128428
11290531
11325799
11327153
11331346
11332682
1134151
11352
1135231
1137649
11377354
11379577
113939
11409149
11420822
11424595
114299
114340
11435001
11440557
11441042
11443
1144986
11449946
11458660
11462137
11465481
11465657
11483383
114848
11484862
11486018
1148775
11493783
11494612
1149958
11502347
1150241
115051
1150581
11507997
11512980
11516069
11525425
11539
115570
11565305
11578499
1159245
11597411
11598552
11599671
1159992
11600
11601817
1164131
11659977
1166036
11668466
11671
1167548
11678166
11683125
1168970
1169932
11701235
11710835
11714216
11725072
11729
11732
117402
1174183
11744925
1174780
1175348
11757205
1175726
11762175
11774114
117753
11777115
11780426
11781262
1179457
11810413
1181103
11833485
11837757
1184398
1184799
118535
11886192
1188837
119017
119045
119068
119199
11925621
1193008
1193139
11932058
11932846
11936535
11937
11945252
11946702
11947865
1194931
119561
11962403
11962868
1196318
11967987
11972980
11982012
1198521
11985597
1198854
1198913
11991067
120044
12008484
1201198
120146
12018749
1202103
1203397
12035664
12040847
1204169
12049439
12055017
12056012
12063067
12063435
12064824
12084647
12088
12096
12099380
1211145
12113265
12113295
12116927
12120406
12123719
12126485
1213188
12133140
1214509
1214550
1214950
1215197
12153080
12169164
12169708
12181222
1218472
12188108
1218811
12191
121935
121976
12212301
12214254
12216873
12218414
1222323
122233
1222522
122257
12227191
12245913
122478
122500
12251396
12255246
1226647
12268528
12272873
12278343
12296581
1229860
12304457
12305986
12312001
12314321
12323331
12333779
1234025
12342223
12346504
123475
12348
12350894
12351577
12353992
123544
12354684
12361024
1236615
1237551
12378747
1238467
1238753
12392717
12404638
12421594
1242421
1242597
12429243
1243867
12440461
124413
1244747
12458503
12462
12464687
12466613
12467796
1248744
1249098
12501110
1250474
12505232
12505972
12515346
1252211
1252361
12534436
12539859
125424
12552441
12553000
12553645
1256517
12566552
1257326
12576561
12580226
1259246
12593773
125969
12598671
12615106
12618
12631445
12639664
12644196
12645287
1264772
12656814
12658945
12659893
1266244
12666275
1267053
12671635
12672233
12676132
12676578
12677826
12680658
126858
126868
12692370
126948
12695298
12696633
12696855
1271176
12713181
12727563
12739740
12739753
12742306
12742899
12745
12748307
127562
12756857
12759333
12761150
1276620
12768174
12769161
1277
12773990
12793879
12795319
12800994
12812028
128127
12821639
12838739
12875157
12875371
1287983
12880808
128970
12897411
12913304
12914081
129159
12917646
12929463
12940
129428
129468
12947327
1294941
12949983
1295112
12959837
12965411
12977577
1297967
13000627
1300663
13013892
1302521
13029438
130346
13038978
1304482
1305253
1305983
13064597
130689
13075529
1310198
13127903
1313062
1313098
13134
13134921
13134950
13136695
13145407
13146300
13147666
1315215
1315311
131669
13172341
13183107
1318601
1318857
1319940
1320508
13207888
13211432
13219107
13219808
13221126
13221609
13223970
13227608
13244881
13256561
13264396
1327205
13274275
13287707
132878
13296048
13298047
1330176
13306302
13308114
13320387
13326269
13333794
13336149
13338234
13340835
133419
1334928
13352270
1336451
13371450
1337257
13379747
13389494
1340203
13407352
13408193
13409
13414359
1342
13422032
1342386
1343662
13441823
13442549
13450211
13463093
13463954
13469703
13478026
13488708
13493823
1349719
13497477
13498554
13500255
13503495
13526406
135302
13534898
13535755
13537057
13537313
13555516
13556100
1355685
13557
135770
13582409
1358552
13586262
13590240
1359623
13607508
13609766
13611200
13614995
136165
13625613
13629545
13633515
13641787
136544
13655475
13669376
13681439
136872
13693035
13695413
13697312
1370072
13715910
13717772
13726912
13727482
13727688
13735243
13740306
1374908
137496
1375799
13762161
13764565
13765263
13766619
13770825
13779480
13794972
13795156
13804302
13807806
13809004
138129
13815675
13817671
13818095
13820793
13826250
13829843
1383128
13835102
1384146
13851204
13853639
1386632
1386724
13873051
13875076
13885506
13895186
1391461
13916279
13927437
13929502
13936572
13951855
13953787
13975382
13980990
13984837
1398543
13992671
13992982
1399871
139994
14000684
14006468
14011802
140163
14016789
1401955
14046928
1404795
1405064
1405911
14068082
14074088
14077775
14089
14093123
14094820
14095911
140960
14099854
14112962
14118707
14127609
141383
14143785
1414904
14167726
14172726
1417747
1418182
1418271
14187268
1419371
14205429
14212838
14214373
14223271
1422579
14225962
1422816
14233383
1423422
14237574
14253294
14253662
14253915
14254637
1425707
1425813
14263721
14264762
14277543
14277724
14279480
1428649
142914
1429353
143026
14320305
14325286
143272
14327995
14340273
1434758
143540
14356894
14357745
1436637
14380777
14385275
14386284
14391386
14395932
14399577
14404530
14406558
14407259
14408390
14409210
1441003
14416
14418258
144203
14425341
14429272
1442977
1443093
14443751
14451395
14455812
1446272
14465
14466
14475287
14482291
14496985
14497909
1449823
14499092
1450385
14509408
14528306
14528866
1453583
14540717
14547512
14561023
14561119
14570799
145719
14576099
14578875
14589647
145944
145972
14609740
146135
14615435
1462090
1462445
146309
1463494
1463626
14636976
14641025
14642
146422
1464339
14647672
1465280
14662327
1466825
14669096
14672616
1467365
14677519
1468214
14696749
14698535
14708716
1471137
1472125
14726185
1472682
14732541
1474533
14747996
14751529
14760952
14764274
14765851
14768902
14772638
14785226
14789012
14793912
1479742
1480420
1480584
14810421
1481142
1483756
14840269
14846
14847337
14857335
148630
14878717
14881241
14888805
14890941
14891973
1491749
14924165
14926986
14929299
14942743
14945620
1494692
1494780
1494798
14949042
149587
14967706
14970603
14994276
1499614
14999392
1501671
15020
1502038
1502236
1503044
15032923
15034125
150378
15040315
1504886
15058979
150597
15078135
15086299
15086688
15094721
151050
1510651
15115322
1513922
15139243
15145
15145059
15147502
15153588
151689
151716
15176853
15180876
15181268
1518752
151892
15189966
15191170
151922
15193375
15197513
15198823
152057
15205988
15207984
15209643
15214092
152142
1521516
1522108
152213
152240
15224722
152269
15231158
15260348
15264519
15265080
1527405
15274409
15282135
15284826
15291956
15305293
1530860
15344241
15350384
15353659
15353675
153566
15360833
1537910
15383650
15398128
15405722
154324
15440727
15446
15450186
15457033
1545742
15458065
15461810
15467960
1547390
15474574
154858
15500492
15508524
15513408
15517086
15520657
15521131
155285
15533772
15536546
15543259
15551452
15554356
15556476
15558289
15559
1555970
15564520
15578323
15584364
15584578
15588539
1559114
15612491
1561394
1562260
15624263
15628445
156352
15641312
15644415
15644883
1565632
1565737
15657814
15660515
1566647
156679
15669268
156776
1569160
15706595
1572431
15726724
1572851
15736653
15745122
15772166
1577252
1577302
15773595
15773672
15779523
1578161
15802185
158034
15804839
15814581
1581611
1582051
15830035
15838562
158395
15844494
1584611
15847203
15855031
15863054
15863360
15866498
1589657
1590145
15903903
15907460
15909278
15909567
159206
1592600
1593245
15942316
15950252
15950309
15956
15966644
15968560
1596981
159702
1597371
15975325
159810
15987527
159905
1599077
1599160
1599215
15998237
16013044
16015726
1601715
16020562
16026
160269
16034374
16050231
16051830
1606060
16095233
1609662
1609721
16105069
16108835
16125441
1612914
16130370
16131171
16131820
16134059
16134546
16136742
16141630
161421
16151364
16154485
16163201
161675
1616936
16173454
16183476
16192453
16217269
16221690
16227951
16238229
1623989
16242108
16242480
162475
1625628
1625678
16258940
16259342
16259370
1629467
16297883
16299348
163113
16312149
16314917
163246
163248
16331597
163404
16341384
1634286
163536
163551
16361571
16364944
16370066
16376915
16385670
16396506
16400
1640552
1641495
16419396
16419399
1642433
164330
16433298
16442304
16447165
1645087
16461050
16461231
16462602
16462721
16471269
164904
16491066
16498236
16503213
16507889
165192
1652353
16534
16540321
16541647
16551
1655331
16555400
165590
16560574
16568313
165721
16576642
16578697
16587815
1659604
16600489
16605
16608639
16610177
1661046
1661253
16627804
16629961
16631099
1664023
16643815
16644184
166485
16661996
16667564
16667982
16671901
16672357
16672492
1667545
16679661
16680132
16680909
16700831
16701921
1670478
167105
16712573
16713208
16714711
1673026
16731
1673468
16734844
16741520
167416
167607
16774520
16778114
1677901
1678303
16785244
1679366
167948
16798951
16800437
1680108
168058
16811335
16811568
1681429
16831966
16833855
16855674
16858073
16861457
1687394
16880323
16901040
16916292
16936072
1693962
16951422
16985944
1699416
1700201
17004139
17008620
1701137
17013116
17018078
17019837
17020552
17021018
17027
17054866
17058402
170645
17065739
17075437
17082775
17089184
17091516
1709432
1709983
1710905
1710950
1711418
17145787
17151277
17154804
1715565
17161163
171645
171701
17176226
17178734
171980
17201490
172088
1721427
17221891
17223466
17224409
1722456
17230064
1723558
17238133
17239664
17240028
17242260
17246516
17246973
172636
17268566
1726948
17279442
17282018
17285084
1728551
17289
17300903
17302384
17305623
17308230
17312525
173128
1731567
17317073
17325861
17326204
1732771
1733
17332140
17334809
17341592
17354
17369342
17383725
17385721
173876
17394889
17408885
17410750
17419044
1743541
17438312
1744002
17440906
17450088
17453541
17456910
17459552
1746117
1746924
1746953
174739
1748250
17486223
17491170
17494557
1752240
17530730
1754480
17546064
17548864
17558623
17560794
17575
17575744
1757759
17581755
17591461
1759272
17596327
17601301
17606
17607069
176200
176223
176236
17625607
17639680
17643067
1764681
17648188
17652171
17667253
17667543
176695
176737
17678931
176825
1769484
17706054
17715043
17721277
17722960
17735770
17745241
17764312
17775569
1777658
1777782
177784
17778544
17789426
17793968
17795910
17802960
17810
1782953
178311
17832850
17838096
17839772
17870236
17880
17898572
17899
1790125
17902
17916
17918526
17929545
17929597
1793410
1793569
17961405
17971323
17971607
17984221
17987191
179882
1798953
17997619
18000432
1800854
1801112
18018088
18028882
18031096
18040428
18040488
18041537
18042440
18048
1805253
18061021
18080238
18090998
18095070
1811493
18119685
18121
18124753
1813972
18151375
1815304
181544
18158
18159122
1817132
1818315
1820576
18213685
1821491
1822062
18224765
18225426
18239037
18245086
18253144
18255
182552
1825694
18261133
18270280
1828438
182890
18295289
1829995
18302514
18310868
18311212
1831980
1832094
18323769
18324395
1833468
18340266
1834385
183606
18364829
1836747
18379129
18385405
18395363
1840049
18403608
184199
18422742
18427693
1843280
18441677
18445234
1844933
18449539
18459573
18461599
1846912
1847883
18483930
18499718
18508066
18513635
18521150
18524333
1852636
18526825
18528052
18533524
18539878
1854020
18583166
18584163
18590546
1859092
18611021
18614791
18616490
1861797
18641488
1864423
18664714
186655
18669566
1867047
18678065
1870107
18705840
1871521
18716483
187246
18731784
187358
18739922
18749628
187523
18756125
18758563
1876202
18764291
1877523
18776783
1878082
18781732
18784723
18799545
18800957
188106
1882058
18825183
18851282
18855054
188638
18867085
18870485
1888889
18893485
188984
18905231
18906142
18915237
1893126
18934609
18937
1895057
189550
189732
18974005
18983
18987642
18996445
19006872
19007923
19025318
19029677
19038908
19045219
190454
19050815
19056165
19063367
19065828
19068
19068684
19073725
19075
1908283
1908386
19095613
1909823
19098713
1911006
19127180
191346
19141727
19146835
1914946
19156
19161664
1916247
1917999
19183736
19194371
1919689
19209134
1921519
19230842
19240636
1924410
1925052
1925620
19267361
19277
192782
19280841
19285015
1928932
19302213
19308299
19309
1931249
19325193
19336761
19337529
19341411
19342884
1935409
193729
19374086
19376395
19377622
19389056
1938947
1939795
1941163
194231
19428328
19440186
194552
194668
19497338
1950701
19509846
19529191
19531040
19542913
1957077
195891
19600013
1960050
19601085
19624123
1963835
19641555
1965383
19654839
197012
19701335
197076
1971139
19714394
19731971
19732840
19737829
197506
19754492
19767205
19777146
1978427
19784435
19792407
19802334
19806318
1980643
19816835
19822315
1982331
198374
1984062
19841625
19855603
19867341
19869093
1987534
19880053
1990361
19912491
19913473
1992163
1992358
19925449
1993578
19949705
19949745
19950472
199750
19988552
19992546
19995595
199986
200066
20009031
2001822
20026405
20033303
2003931
2004149
20043430
20043993
20060518
20071884
20076528
20079774
2008141
20086291
2009920
20100866
2010617
2010802
201084
20108548
201137
20114926
201323
2014616
20147627
20157842
20166334
201791
2019919
20206340
20207215
20225764
20228000
20235288
2023567
2023721
2023765
20249961
20267123
2028921
20294802
20294955
20302421
2030438
20304967
2031212
2031777
2032068
2033881
20343508
20347
20352
20352874
20376220
2038298
2038483
2039152
2039232
2040366
2044082
204506
20452976
20473754
20475
20491748
20497976
20510448
20513555
20523023
2052402
2053329
2053497
20539513
20552885
20553614
20563
2056601
20569497
205774
20579519
20584792
2059725
20612697
20614558
20618
20618066
20620070
20620116
20624373
206310
2063338
20634094
20636230
206532
20655393
2066175
206673
2066869
20670939
20671215
2067491
2067502
2067821
20678826
206855
207057
20710215
20714093
207165
20716760
20721782
20728711
20729205
2072998
20738548
2074959
20764416
20765138
20778107
20780544
2078271
20782961
20787
2079339
208004
20810328
20814
20815708
2082067
2083106
20858798
20859160
20871532
2088216
2088434
20886356
20898295
209241
209263
20944721
20953077
209679
20970053
209773
20980424
21002946
210033
21014331
21029246
2103830
21051287
21056880
2106422
21068130
21076169
21109714
21116952
21118839
21120
211254
211515
2116871
21199197
21202
2120938
21213735
21230641
21235143
2125913
21273664
21277072
21277770
212801
21291566
21301179
2131660
213348
21335415
2134064
21354600
21354830
21359933
21380191
2138037
21381031
2138642
2139094
21391270
2139425
21403274
21416532
21454965
21455651
2147126
21479436
2148690
2148862
21488961
21505771
2151872
2152
21526260
215277
21530
2153556
21560748
215798
2159670
21599021
21609150
21619364
2162032
2162122
21637188
216403
21666965
2166892
21680697
216924
217058
21730525
217306
2173332
2173572
21741591
2174196
2174931
21751422
2175653
21764204
21768014
217707
2179695
21829111
2183359
21834632
2184058
21848
21848666
21854746
2185515
21862577
21870917
21875888
2187635
21883054
21940381
2194655
219621
219711
21971914
21995968
2199616
21997192
219976
22004049
220062
22027
220294
22030314
2203048
22055974
22088664
220987
22102838
22109530
2212074
22124330
2213153
22143151
22143907
221597
22159821
22167083
22168381
221698
22175521
22183632
2218729
22190423
22210784
2221087
22217495
2221925
22219257
2221988
22220502
22258679
22269340
22273113
22274801
22277110
22286343
22290214
22298878
2232374
22328716
22333059
223817
2241054
22419
2243289
22438
22471199
22489256
22511448
22526
2253649
2254287
2254862
22553630
225562
2257693
22578962
22601389
226089
2262016
226272
22628045
2262943
226367
226386
2264004
226488
2267440
22683170
226893
22710054
2272240
22726053
22730971
2274244
2274364
22750097
227512
22757532
22782
22784835
2278911
228078
22808762
22831245
228471
22850486
22853292
22874063
22875649
2288732
22897750
22898893
22901369
22920964
229402
22941458
22944923
229547
2295885
22966582
22975702
229768
229788
2298143
2299212
23003577
23026874
23030728
23034
23040640
2306287
2306317
23092011
23098486
231251
231279
2315745
23164288
23198118
23202343
232066
232077
23213187
23223750
2322401
2323358
23239
2326381
23275285
23284588
23300238
2330110
2331060
2331978
23324935
23337382
2334129
233417
23353614
2335832
2338190
23396
233999
2342360
23432377
2344550
2345928
23461782
23474561
2350706
23521732
2353373
2353813
23547968
23547995
2356928
2357201
23572385
2358091
23596716
23606858
2361345
23621
2363169
23647
23652509
23654
236592
23677722
2368144
23690191
23699405
237082
23727
2374176
2375755
23796677
2381343
2381722
2382127
2383689
23842285
23886304
23898386
2390202
239166
2391857
23926752
23926967
239418
2394234
23945843
23952027
23963178
2397243
2398
24008843
2401221
2401265
24017298
24027989
24034335
240431
24048889
2405344
24067343
24088410
24102457
24102785
24104600
24112577
24115491
241218
24159651
2416323
24164271
24174793
24176
24177443
2417964
24180070
24185
24190375
24192146
241930
24193698
242010
24216489
24218478
24222104
24234
24236287
24239098
2424630
2427474
243250
2433217
24332472
24333670
24338901
24342054
24344012
24360209
24386351
24392
24420298
2442597
24428751
24457503
24470135
2449916
245242
24524514
24532455
24540684
24549644
245560
2455949
245600
24567
24571
2457115
24575874
24577669
2458
24584415
24594
2460057
24600840
24601
246106
24612582
246242
2467011
24680303
2468289
24687177
2469563
2470002
2473967
24764117
2477019
24804871
24815212
24816634
2481803
24821071
2482417
24827522
24838
24842270
2484671
2485047
248589
24884800
248880
24890072
24894428
24898917
2490004
24944927
24955808
249560
249583
24958490
24963071
24972
24980012
25013373
25022620
2502532
25057
25077946
25081503
25105646
25106222
25111
2511113
25126073
2513242
2514114
2514570
2514581
2515081
25169641
25170019
2517274
25251113
2527282
25297419
25327837
25335771
25355748
2538590
25386
25387646
253975
2539925
2539930
25400449
25439046
2544188
25442978
25447095
25456500
25468113
2547837
25485906
25486006
2550839
25512469
2551745
2552902
25555102
255647
25594
25602174
25628614
25636338
2564910
25652054
2568265
256946
25704116
25708220
257244
25724486
2573035
257542
25760573
25764493
257712
25772739
2578261
2579000
258003
25800872
25808820
25808993
25830784
25831608
25832912
2583663
25848527
258494
258754
2587756
25877697
2588103
25887837
25891894
25892105
25893012
25894766
258974
25904
25930775
25958968
259683
2597120
2597792
2598
25982765
2599819
2600426
2600911
260148
260215
260287
26040235
26057814
260654
2607781
260835
2609622
2613186
26140336
26142272
26149011
26151531
2616777
262108
262147
2622915
26250120
2626917
2627037
26288004
26291244
26300824
263118
2632623
26339
26352420
26353601
26357
2636
26373931
26379226
2639029
2640074
26410618
2642047
26424
26429571
264716
26485639
264895
264932
2650009
2650063
26503290
26503386
2650491
26515728
265292
265594
265608
26565783
26570098
2657640
2658856
2659479
26597
2661
266106
2662142
26644
266590
26659796
26670274
266769
2668
2668022
2668318
26690900
2671042
267137
26720297
26723799
26728159
26744436
26749661
26766100
267681
2677
26796896
2680940
2681650
2681670
2682698
26837146
2683956
2684143
26841908
268572
2686554
26877313
2689509
2690016
2690274
26915549
2693320
2696273
26966465
269945
2699642
26998
269990
27024181
2703136
27041843
270545
2705736
27060505
270669
27078
2708146
27090136
27091985
27104725
27111063
27112151
27120302
2712930
27132
27138149
2714262
27144302
2714971
27153
27191757
27207
27217120
27258582
273090
273185
27329177
2733613
27342228
27350443
27351297
2735979
27373208
27373799
27375806
2737916
273812
273851
2739
27390723
27391360
27393744
2741533
27420842
27423613
2744600
2745
27452
2745703
274594
2747802
2750098
27503786
27517
27519319
27527728
2753073
2755090
275527
27557
27569478
275719
27578718
275818
2758476
27591308
2760884
2760924
276310
27631291
27643176
2766242
2767285
27691
276923
2771792
2774175
27753898
27762337
27763215
27765776
27773644
27776
2779291
27795301
27818450
27827671
2784396
27865046
278830
27890843
27932472
27938346
279599
27968545
279958
2799637
28021875
28024660
28065329
28084938
2811210
2812786
28130295
28145748
281523
2816506
28169654
2817012
28175731
28193180
281954
2820251
2821983
2823291
28240592
2825137
28253795
28269708
2827964
2829550
28311669
283135
28316079
28332851
2834321
2836080
28376975
28380297
28382082
2839179
28403382
28440744
28441523
28443236
284551
28458531
28461919
2846708
28478367
2848117
2848228
28509430
2850984
2851538
28516182
2852093
28552198
28554068
2856456
28573913
28598181
28602988
28603589
286217
28638684
2864095
28649323
2865
2865617
2868610
2869201
28706924
2872379
2874136
2874480
28750536
2875384
28781
28810656
28814409
28838
28838573
28846441
28856947
2886368
28870060
2889974
28904241
28934049
28935613
28939313
28940980
289582
2897983
2899
28992125
29015786
29018948
29026025
290300
29033553
290340
2905012
2905805
29067454
29072396
29074698
2907739
29092233
29106548
29108561
29116812
291200
29128277
29133923
2913676
2914140
2915585
29158849
29160152
291608
29160959
29164302
2918293
29189170
29202595
2920838
29213210
2921749
2922649
2922722
29229305
29258597
292644
29280649
29282
29301141
2931216
2932268
2932467
29327794
29336247
29344886
2934674
29362997
29368848
29381524
2939177
29392312
2939832
29431640
29449
2946400
29464462
29467962
29485942
2948941
29502669
29505537
29531940
29535589
29559110
2956324
29573
29573185
29589772
29597974
2960453
296169
29649449
2965064
29661990
296720
29694453
2971611
29724874
29727255
2973000
2973018
2973809
29741
297547
29759565
2977061
297791
29781412
29813383
29814412
2982439
298307
29831320
29835160
29861476
2988589
29886428
29900755
29920337
299251
29925927
299299
2993192
29932461
299377
29942
2994762
29952097
29953442
29954286
29957847
299593
2996017
2997631
2999849
29999491
3000591
3000862
30010
3004090
300537
30057736
30062623
3007259
30078771
3008637
30091333
3009291
3010192
30111728
3012583
301279
3013164
3014707
3015512
3016
3017109
30174
3018
30192977
3019665
30196951
30199038
30214
30217285
30227746
30236169
30238280
30253438
30254
30257478
3029615
30298457
3030174
30311623
30333089
30343772
3036679
30370839
3037227
30383053
3038880
30393819
30413979
3043057
30433584
30435539
30438161
30448809
30481106
30482969
30490196
3050312
3051540
3051808
30553832
30560039
305765
30577041
3059749
30598620
30605595
3060673
30612292
3061486
30620489
30634099
30641160
306422
30651403
3065392
306673
3066815
3067312
3068113
30682
30694668
30706874
30716447
3075769
30786567
3079181
3079252
3079365
30795
30798372
30816400
3082319
30837811
30851640
30852373
30862086
30868703
30869085
3088169
30902737
3092501
30934544
30939375
3094189
30945219
3095164
3096443
309664
30968899
30974
31027429
31033868
3104565
310609
31068879
310779
31080139
31106026
31133701
3115085
31169300
311900
31200334
31207925
31219624
3124455
31254299
3125744
3126285
312638
31274065
31282164
312852
31293833
31313130
31317880
31322733
31332740
31337312
31355940
3135747
3136129
31363177
31367145
31374619
31399228
31421385
31430204
3143223
3144822
31454206
3145937
314610
31467156
31476606
31479354
31490164
31496202
31499652
31519118
31520288
31524976
31531
31548275
31559095
31570731
31572064
31572576
31593602
3160294
31604531
31604541
316240
31628063
316333
3163457
316471
31649671
31651057
31654372
31659304
31659436
31679086
3168349
31687009
31687810
31699812
31709099
31711080
31715383
31719084
31726112
3172636
31731060
31738573
31740321
31744576
31751949
3177973
3180
31803324
3180390
31806785
3180821
3180989
31817604
3182342
31850232
318810
3188698
31892325
31921141
31928
3193378
31938023
3195645
3197898
31995333
3199929
3200088
3200523
32014023
320163
3202270
3202349
320371
32045169
3205297
320664
3207350
320757
32082493
3209379
32101857
32102823
3211072
3215185
32157371
32161820
32165989
3217555
32189676
32190625
32216961
32220934
32221908
32229
32232879
3223664
3224549
32250302
32254275
3226523
32268297
3230171
3231927
32326294
323340
32353469
3237998
32391051
3239395
3239496
32397587
3241745
32426
3246295
32463011
32465500
32485272
32510177
32518
3253
32540050
32544133
3254522
325475
3255682
3255968
3257985
3259336
3263045
326359
32647638
32652770
32653850
3267576
32678331
32680192
3270119
3271594
3272061
327209
3272487
3272927
3274443
32754759
32775863
32778021
32810499
32822147
3282261
32836760
3284090
32843075
3284728
3285251
3285396
3286702
3290757
32916660
32918932
3295553
32960296
3299500
33022563
3302692
330328
3303798
3304829
33068789
3306928
33071675
33076135
33078239
33097
33103381
3312169
3313233
33141889
3314710
33148844
33161252
3316400
3318208
3318407
3320140
33217935
3322006
3323411
3324668
33255773
3326223
33277598
33286700
33289
33291197
33314195
33349331
33350666
3335309
333556
33361953
3337
3338926
33397446
3341779
3342360
33423881
3342475
334249
3342599
33431159
334482
3345033
3345902
33464532
33492811
3350981
33527726
33530
33533865
3357
33580833
33585
33590509
33599688
33611048
33617930
33645101
33650872
3366261
336690
3367474
336887
33718285
3372346
33728138
33759173
33761760
33778959
337971
3379970
3382035
33822185
3382544
33844486
33846839
3385869
3386241
3386610
338751
33877602
3388329
338854
33893921
3390
339001
33903602
33937885
339454
33950301
33955881
3396864
3398728
339939
33996
340139
340150
34015703
34025740
3402936
3403329
34045771
340473
34054962
3406627
34066835
340736
34081783
3408421
34107241
34120
3412043
34135273
34140150
341433
3415009
34151526
3416394
341675
34169671
3417258
341747
34188767
341964
34196557
34197234
34209175
342347
34238198
34238230
3424327
3424578
3425
3426827
34271796
34274728
3428351
34299694
34310315
34337263
34352694
34362298
34368621
34377290
343841
34384374
3439325
3440024
3441763
34417797
3442325
34426633
34430983
34433205
34444658
3444572
34451230
34452206
34466111
34466691
344729
34509595
34513072
3452804
34544040
3454616
3455661
3459636
3460343
3460381
34617881
3462492
34647919
3465319
34654
34659129
346654
34673258
346855
3470949
3473519
3473767
34740831
3474388
34771786
3480188
34805079
348129
3483328
3484874
3485610
34864412
3486828
3486850
34931
349398
34942985
3494650
34982553
34992024
34992435
35003939
3500494
35035157
3504043
3504226
35050993
350674
35081
35081666
3509963
35149225
35154436
3517911
3518046
3518309
352
35217132
3522456
35248423
35261
35286171
35294319
3530352
35308998
35323029
3532395
35332876
35347256
35356341
353613
35363347
3537256
35372993
3539752
35398686
3540439
35407711
35459474
35489884
355065
35514579
35516002
35532096
3554190
35551052
35556238
35573096
35587173
3560527
356436
35662639
35664357
3567326
35680144
35692440
3569577
356998
357034
35706033
35720
357529
3576132
357774
3577968
3580504
35826136
35834860
3583503
3583541
35844292
3584828
35851079
35864325
35876387
3588301
35891298
35907
359082
3591713
35938077
359433
35950308
3595551
3596363
35965794
3597480
36
36002084
36056240
3606870
3607901
36106257
361249
36127454
36161559
361625
36175
3618744
3619931
3620251
3622306
36226075
36236303
3623968
3624528
3624793
3625614
3628104
362833
36285021
36288535
36318275
36339533
36345669
36348821
36383995
36388895
36396
3640719
36455908
3646291
3647116
36491
3650543
365132
36534524
36556549
36565969
36641944
3664310
3664626
3668643
3669430
36714631
367218
36742404
367613
367624
36786257
36808773
36809799
3681625
36833270
3684923
3687967
368813
3688434
3688878
3689679
36917493
36920249
3693527
36951090
36951223
3695323
36966416
36972711
3699481
3703084
3704548
37062
37072794
37091207
3710027
3710845
37112745
37119297
3712467
37128998
3715391
37160491
37163878
37189287
37193252
37225456
3725
37252852
37257600
3726878
37280943
3728269
3728486
3728948
37307335
3731118
3731371
37315608
37316046
3733445
37335509
37364286
3737802
37383756
3738432
37385887
37404520
37409616
37457398
37479378
374953
37499466
375096
37512151
3753477
37544498
3757061
3758887
37618827
37625681
3762740
37636740
37674434
37680856
376948
377123
3771620
37739521
37739877
37746100
3779517
3779820
37799964
3782246
37827752
378760
3788511
37889268
3792353
3793453
3793860
37979668
37985868
38014
38015529
38015536
380483
3805206
380526
3806145
3806914
38079585
38082
3808736
38088
38091980
380947
3809837
3810781
3811357
38142096
3814946
38175133
38183633
38183989
38204716
38211185
38220217
38228456
3823720
3827990
38297201
3829860
383
38303457
3830756
38320135
38332767
38336998
38341435
383427
3835351
38360114
38376924
38377136
3838280
38405227
3840755
384250
38436050
38438
38444677
38461
3846633
38471
38525841
38530472
38576555
38580259
385841
3862270
38674
386925
3869665
3870443
387076
3872135
3872398
3875056
38760
38769103
3878890
3881
3883720
3883816
38850713
38850888
38852353
38870890
38875156
38879432
3892
38934503
38934504
38956712
389873
39010841
39042382
3906987
39072474
39076013
39091544
3910098
39104532
39118991
39123643
39128535
39141472
3917786
39193492
3924497
39252409
39258616
39266985
3926781
39273454
39277
392810
3931854
39356953
3937352
39384224
3940006
3940309
394141
3942287
39436
394365
394419
3946726
39498543
39516715
395182
3952
3952862
39530424
39538074
3955918
395595
3956139
39566258
39575727
3958987
3959389
39603615
39651
39659271
39660790
39675683
39692040
3971231
39723065
39743911
3975300
3975343
39758593
39778433
39792570
39802677
39852592
3989608
39901623
3990881
3993406
3994229
39951267
40029545
4003003
40042481
4004789
4005620
4006137
40063081
4006812
400684
40079022
40090503
4009952
4011780
40138790
40141196
4017342
4017829
40180607
402
40222
4022279
40234661
40234662
40247350
4028484
40288946
40308043
4031107
40323952
40329579
4033535
40353
40370877
404006
40404594
40428837
404386
40442964
40449091
40458707
40462352
40467819
40477012
4047953
40485300
40497746
40526715
405390
40551423
4057
4057618
40586474
40593033
40614
40626692
40632349
40644225
4065575
4067543
4069367
4072067
40737945
40745221
4074996
407959
40815065
4082742
40828735
408296
408314
40831603
40837863
40841542
40848361
4084896
4089020
4089680
40899838
40912
4091289
409226
409282
4094653
40992804
41011921
41020851
41049433
410812
41087951
41106591
41110827
41115962
4113306
41144430
4116954
41186205
4120187
41207273
41209627
4121985
4123270
41261
412918
412928
41328618
41347132
4134835
41373665
41384
41396497
41407374
41408248
4141182
4141196
41412923
4141333
414162
41464792
415059
41510503
41513643
4153486
41537813
415521
41557
41578796
41589955
4160064
4160197
416263
4163045
41639282
41640070
41662926
4170312
4171975
4172591
41738951
41739
41756235
41773480
4178817
4179
41839101
4184082
41843853
418850
418969
4191372
4192236
419330
4196117
4196200
4196958
41970771
4197637
41977
419808
41989573
42022347
4203133
420509
4205119
42059537
420928
4210443
4212281
4212968
4213162
42141468
42146059
4215933
4218982
4220066
42217598
4221847
42251333
42302198
423200
4232143
4234106
4234383
42349
42383982
4238462
4239212
42423091
42483722
42490384
4252672
42538312
42544978
42552001
4257425
42587408
426002
42658805
4265931
42675
4267954
4269127
4270386
4271858
42729756
4273037
42748225
427664
42793202
42808273
42818898
428282
42833451
4284365
42870827
429077
42925015
4292709
42956154
429883
4299
430052
430189
4302088
43035335
4305675
4306446
43069242
43083959
4310379
43104406
4310483
43115256
4314690
431592
43177
4318699
431873
431880
432180
43222917
4323142
43232548
4323260
432332
43244788
4325078
43259598
43303375
4331682
4333873
43339349
43363
4338012
43381636
43383935
43400779
43409201
4341674
4342160
4342308
4343959
4346822
4349073
43505343
43531270
43531291
43539816
4355888
43564119
43567305
435735
4357504
4357590
4358148
4359136
4359745
4360832
4361214
4362861
43636871
4364096
4364687
4365050
43655641
43659342
4367110
43683892
4370
4371345
43718238
4373071
4373399
43743237
43793521
4381612
43830920
43833338
4383668
43841926
4384618
4386457
4387210
43880716
4388698
4393615
43937404
43943119
43953203
43967966
43981063
4399542
4399718
440400
4404759
4405891
441342
44157509
44180055
441987
4420853
4422621
4423095
44234
44247859
44265104
44290755
4434369
44356566
4437
4439090
44420
444258
44443460
44444041
44455537
44457438
4446354
4446530
444732
44475188
44479071
444907
44493116
444942
4449468
4450031
44522208
44586717
4460847
446171
4462245
44627400
44683256
4468938
4470016
4470339
447271
44728703
44730209
44743156
44747686
44778
4479334
4480548
4480830
4481173
44835003
4484027
4485006
448776
44898022
4490161
44906939
44913037
4491754
44922986
4492608
44933649
44935291
4493551
44936454
44939162
44950369
44960863
44968193
44977709
44987647
4501146
45015081
4503245
45039349
45041393
45043169
4505054
4505788
45081727
45082247
45101279
4511538
45123674
4512903
451672
4520
452105
45210537
45224734
45234189
45249715
45262261
4526277
4527437
4530056
4531658
45340
4535430
45363367
453668
453707
45377764
4537818
453788
453927
45401387
45405594
4541633
45438
4544
4545261
4545306
4546023
45469036
45510884
45517407
4552399
45525595
4554988
4557
456107
45621481
4563141
4568354
45698448
45699874
4570006
45722
457231
4572962
457541
45756527
4578091
45833
4585898
4587471
458787
4588267
45887238
458887
45897196
45909319
4592232
459405
4595297
4596091
4596672
46052
4607452
4608070
46086669
46091756
4612647
46150012
46172829
4618501
4620411
4629
4631330
463194
4632856
464063
46421548
4642252
4643367
4644134
464525
464896
4650043
465133
465146
46528351
4654736
46560163
46563538
46563947
4656482
465979
46612146
46621567
46624621
46626753
46635078
4669687
46697456
46705841
46723718
4673658
467369
46737105
46738
46743110
467466
46749015
4675539
4677314
4678580
46789100
46791506
468133
4681467
46848649
46853478
468641
46888
4692777
4692921
46954526
46955909
469563
469638
46971461
4698480
4699044
4699063
46993400
46994695
47025363
47028884
47042747
4704903
4707464
470861
470883
471154
47128997
471434
47153536
47168584
471749
47191635
47196062
47198489
47198601
4720261
47207137
47219840
4726711
4729544
4729918
47325
4733455
4733565
47406
474268
474346
47445908
4747284
4747822
47488
474903
4752417
4752647
475316
4754550
4757193
4757818
4758168
4758540
4758948
4760549
476249
476490
47662894
4770132
4773282
4779
4780571
478993
4792
479260
4792800
4796752
4798458
47999
4804197
480448
480901
48143
4816744
4819066
4819959
4820
482462
4830325
4833202
4833332
4837211
483730
483782
483999
484160
484261
48434
484481
48450136
48456
484663
4850497
4851579
4856899
4857386
4865001
4872
4872213
4872389
48770
4877720
4881145
488766
4889903
48905
4893925
4894
4894430
489742
4898340
489858
4898660
490219
4906112
4910262
491123
4912
49149341
491688
492107
4921321
49272779
49295736
49304515
493189
4932750
49348
4935
4938938
49400999
49402731
4940336
49413
494135
49461665
49494721
4951989
49520700
49524206
4952461
49544
4956073
4959104
4959310
4959616
4960545
49614795
49656924
4966282
49723529
497562
49759620
49763168
49807862
498117
4984458
49851803
4986721
49906039
4991228
4994
4994138
4994566
49949394
49973194
49980581
49984557
4999995
5003659
50036843
5004456
5005036
50056337
50088954
501133
50116769
50116799
50151624
50185488
501894
50193123
502217
50224533
5023106
502313
502352
502358
5025
502509
50258193
5026
5031877
50323688
5032832
5033468
50337529
5036183
50365493
5037818
5037991
50406884
5042278
50439605
5045
50452
50460384
5047093
5047284
5049
504935
50538522
50558279
5058395
50600272
50631
50646281
5067134
50721540
50740285
507611
5076987
50775164
50776295
508633
50872989
50959054
50978862
5100104
51005118
51006201
51016825
5102021
51075592
51076
5107703
51090603
5110556
5110594
511299
5117700
51212838
5122064
51241
51251559
51261208
512727
512849
5129883
5130774
51346311
5134892
5137377
5137707
5139771
51462833
5151250
515127
5151323
515227
51527957
51545000
51554341
5155463
5155946
5156833
51592440
5160504
5160603
5160646
51610526
5161076
5161151
5161399
5162440
5163269
5163940
51639905
5165814
51662105
5166512
5168395
5170101
5170635
51707037
51734247
51775213
5181398
5182620
51839895
5184
51853916
51878926
51891723
5192753
51967341
5199069
519963
5202
52029598
5205424
5206721
5209859
52127842
5213983
52141
52143735
52156829
5218363
52248458
52252885
52261769
52280646
5229572
52306507
523251
52333776
52336214
52336352
5234063
52342966
52362501
5238
5240837
5241031
5241052
524329
524346
52473530
52475195
52506459
52546758
5255030
52596272
52640474
5264169
52644245
52680252
5271609
5273099
52761960
5282110
52835625
52852
528543
5287
52870667
5287091
529070
529489
529590
52967214
52982126
529858
5301083
53025594
5304046
53041390
5306274
5307537
5310417
5313819
531496
531611
53179
532045
5323203
532462
53283206
53295786
532989
53302803
53305649
53416824
53419218
5342006
5343463
5345911
53459337
53478550
53491200
53570
5358936
53595775
5359885
536003
53601583
5360339
53619823
53621
53633460
5366076
5366898
53685070
5371778
53718392
53718510
5372730
53727920
5375435
53797367
53804
53812
53828110
5383046
5384823
53858469
53884512
5389409
5398066
53999519
5402365
54024488
5403033
540349
54038725
5408463
54129876
5413
54157421
54191749
541999
5428854
5429973
5432066
54340407
5435728
54367082
543779
54380139
543854
54396773
54410005
5441210
54434564
544479
5445450
5446673
54483384
5448532
5453834
54669694
54698934
547068
5470786
547350
54749
5476137
54783250
5478332
547857
5478933
5481606
54826404
54855860
548883
54891433
5490655
54926
54938531
5494832
5496563
55011634
55029204
550398
5506331
5507685
55117629
55127575
551282
5514401
551699
55182927
5518735
5522243
55223444
552918
5529284
55308015
5536000
55376764
55384
55392960
55398
55400004
554102
554149
55432668
5546161
5553495
5554
55606313
5561169
5561441
5566164
557030
55707900
55708533
5572922
5573017
557576
557849
557857
55845314
55924913
55926634
5594793
5596229
5599364
55994754
56018056
56021
56043711
5607168
561112
561224
561408
56157418
5616971
5618850
5619222
562167
5624416
56277014
562978
5631075
56312
56312581
5631352
5633
56332152
5633676
5635462
56364545
5638227
5639821
56437899
56472063
564736
56506122
5653510
5653592
565481
56572917
56573125
565736
5662397
56627683
56628938
5663
5664611
566497
56651467
5667110
5668238
56685804
56697992
56714859
56730550
5673458
5682041
56828565
5684492
5686258
56884173
56895750
56952038
569672
5697309
56991634
5701825
5703221
57045372
57068482
57085
5709662
57103090
571121
5711290
5712568
57126967
571339
57135408
571766
5718940
5719413
57221069
5722894
5723515
5723931
57296
57306895
573302
57330982
5735790
57367564
57368
57396507
57419801
5747393
5751196
5753021
5753136
5754933
575818
57629
57637649
576423
57681088
5768971
57696116
577076
57725382
57734754
5776001
5776280
577853
577872
5778742
57822910
57824462
578272
57828240
57830119
578310
57851734
578571
578777
578899
5795415
579672
5796946
579767
5805773
58076733
5808295
58102537
5816407
5816462
58170013
58172120
5818586
58185933
58194210
581994
5824774
5826547
58273137
5828106
5828575
58316460
583192
5832292
583322
58338
58340
5837522
58386190
5838770
58388311
58434088
58440630
5850450
5851220
58521961
5852420
58555475
58575946
58581220
58592965
585981
586538
58694534
5873802
58806310
5882183
5882726
58860928
58878275
589135
58916621
58925265
58927964
58945476
58953628
5896998
5899332
5899771
59005087
5903077
5903369
59044017
5910442
59106102
59107396
59114079
59115126
59145628
59174068
591992
59216797
5924557
59269150
59275588
5928132
59294590
59305826
59336265
593541
59375709
593960
5944252
59461214
59462674
59470435
5948517
59538911
5955130
59575784
59578913
596051
59606095
5961698
59672286
59715596
59724590
5975277
59768037
597831
5979
59810086
59813231
59846855
59874723
59891299
59910378
5991282
599170
5992265
5992466
5993045
59952367
5996357
6005584
60070044
6010818
601089
60110310
6015940
60169683
60170970
60182
60183264
6018940
602003
6020696
6021189
60263
60278
6031217
6035423
6035547
60356242
60371485
6041382
6042774
60444856
6049901
6050658
605284
60560649
6056964
60585620
6059073
60644
6064413
606601
60693818
60706914
60716021
60723344
6074255
6074763
6075107
60759669
60795290
6084663
6084848
6085311
6087427
60959119
6097710
6098
6102855
6103940
61044494
61047284
61062
6106598
6112456
6114799
6121219
61260052
612602
6128200
612901
6134308
6134554
613685
6141167
614227
6147118
6148103
6148565
614932
615
61538448
61572394
616033
61608343
61611188
61635332
61645663
61679843
61690960
617289
61735940
617959
6189306
6203904
62066142
6208670
62089628
6210796
6211566
62120151
62133
6214
62150400
62189237
6220159
6222034
62224218
62226344
6225791
62262013
6226365
6229050
62317862
62325421
62336937
623384
62349194
62377236
62383272
62390569
6239377
6240
62403947
6241630
62546282
62623920
62635184
62638865
6269645
62707986
6271779
62725188
62727011
62731842
6273920
6274073
62761193
62770098
62776999
6278
62855830
628686
6289657
62919547
62931497
629722
6297283
62982970
6298376
63051477
63064924
6306724
63067550
6307980
63085396
630924
63107031
63120780
63138806
63160466
6317889
63183178
6320632
6321009
63227488
6323315
6327914
633222
6334904
63367924
63411
63417826
63421000
6342480
634336
634595
63484825
6350540
63515818
63525556
63537995
63540722
635441
63588086
6359
63608651
63642
63652
6366991
6367504
63681
63683372
6371997
6374283
6374632
6375111
63820186
63829964
638304
63855263
6387926
6388327
6388641
639067
6395677
63965251
6396873
63984186
63987
64048
64053
6405625
641637
6416573
641955
64205093
642151
6423534
642762
64332602
6434573
643512
6437284
6437751
64386102
64390150
64420827
644229
64427260
6445519
64457350
64465066
64513597
64547170
64557295
64561
64581241
6461092
6461735
6463948
64644998
6466131
646778
6468101
6468301
6469090
64691038
64752752
64754713
6478220
64810
64821
648285
64863844
64882116
6489348
64906834
6491411
64924075
6492832
649445
649564
64961797
6496697
64969647
649747
6497828
64996439
6500352
65003969
6500693
6507172
65111626
6512194
65145319
65155
65165
65199
6521
652196
65231052
652445
65248431
6525386
6526081
65309246
65309349
65315853
653247
65326169
6533472
65337697
653680
65371502
65380323
654041
65423452
654238
65434432
65447103
6546765
6547201
65474495
65499883
65513029
65523014
6554179
655528
6558698
65591613
6559805
6562350
656267
65640794
65647222
6568576
6570768
657813
65795855
65799593
6583276
6584502
65849577
65850896
6587511
65882780
65904984
65929384
6594619
65964428
66004
66007839
6601370
66023419
66025523
660275
66048364
66073938
660788
6610818
66130545
6614456
66162506
6623333
6623381
66353827
66371932
6638044
6640578
66409778
6641844
6642026
66428609
6644147
6645145
66470030
6648413
66518258
6652224
6657532
6658848
665980
6662895
6663506
66644023
66655
667109
66725
6673883
66739067
6675645
6675763
6676101
66807813
66849983
66856535
66875787
6691052
66979764
6698514
67004571
67010215
6703876
67057721
670656
67065932
67092336
67093476
67105993
671227
67123914
671593
67161876
67175450
672194
67227995
6723
67231819
6723391
672525
67261279
6728005
67287
6730789
6731088
673179
67339509
673438
6738645
67388
67407240
67411681
67423018
67434721
67442991
67478797
6751
67539403
6754627
6756759
6757228
67600156
6762438
67641400
676725
67672880
676740
6769085
6770
678226
6785574
678650
67949058
67955960
6797674
679963
68013420
680168
680453
68047646
6806962
6808078
6810171
6810741
6811538
68118979
68119884
68123836
681674
68180562
6818398
68208046
68210746
68229561
6823022
68258024
6830336
68306800
68312001
683585
68360274
6837882
68417994
68434
6843920
6844436
685000
68517436
685383
68554
68569677
68571298
68628656
68651209
68654726
68659231
68659674
68667751
68677266
68681606
68681636
68688356
68723861
68726081
6877289
68777180
68791
6881113
688436
688570
68864
68866260
688784
6889
68891022
6889216
68896586
6890797
68910845
6892345
6892894
6898839
6900078
6900530
69006
690092
69073564
6908845
69139238
6915952
691946
691984
69201416
69208273
6921669
69246512
69284052
69294657
69297178
69307210
69328034
69333709
6935714
69377616
69379979
69381850
69384730
69396531
69407165
69445971
69455462
69500280
6950851
6957790
69632740
69634878
69646824
696571
6965885
6965899
69659757
6969448
69700
69715149
69733253
69739496
69744710
69773617
69782097
6985213
69905
6993449
69957328
69963558
6996493
6997236
69976237
70028151
70046860
70050825
70051167
70112619
7013
7016900
7018716
702078
70211935
7023735
70248569
70263590
70268362
7027139
702789
7032768
70352164
7036095
7038833
70395770
7040672
7042271
70448974
70473638
70479526
705370
7054584
70552397
70563248
7057787
70579253
70594100
70613695
70617660
706199
7065308
706582
706963
7075448
70764168
70822
70827503
70834725
7083865
7085411
70891418
7091992
70941612
7094630
7095333
710836
7110100
7110271
711048
711257
71128836
7113
711526
71175
71177454
71184856
712078
7121031
7123957
71276100
7127962
71284892
71297438
71334597
71335427
71370
71407
71419749
7142646
71440746
7145395
7146585
71559751
715703
71571161
7159590
71597962
71617
71634
716824
716833
717043
71723824
7172914
71729990
71761554
71881
71890019
7193000
71942285
7195552
720426
7204795
72050055
72052070
72055795
72082763
721004
7210261
7211673
7215675
72157644
72161710
72169830
72182920
722379
7225148
7227647
72280386
723220
7232541
72328405
72357
72390985
7239368
72405030
72409461
7243305
72442883
7244941
7246
72469867
72507564
7253174
7255550
72563115
725692
725780
72599521
72601466
72603788
72613636
72616107
7262570
7264857
72650474
72763950
7279
72796343
7281939
72833584
7284815
72892044
729280
7301600
73017395
7304883
73051062
730933
73098321
730984
73111406
73152
73193512
73202691
73209628
7321119
73231351
732404
7324626
73273302
73292326
73316623
7333
7333944
7337415
73381
7338989
73419977
7342308
73423106
7349257
73535753
7356311
73570239
7359818
73604267
73659028
73666527
7367
73688078
736905
7372527
737280
7375118
73762108
73786412
73798
7381611
73860756
73927348
73975075
73986174
7398938
74058
74080288
74099724
741054
74105766
74169
7417902
74186898
74188348
74196907
74197427
74213202
7422779
74228753
7424981
74327
74347788
74377303
74396523
74401281
74421663
74427928
7444
74483205
745461
74555562
74581189
74599515
74615
74640170
7466
74671556
746841
7469474
74728108
7474591
74749248
74761925
74812099
74824024
748318
74841534
748444
7484613
7486261
74932791
74942797
749509
74959030
74960760
749619
74982298
7499908
75026221
75026394
75048836
75052122
7514228
7516923
7519185
75215347
75234351
75265154
75291513
75292084
7529580
75399237
75406619
75424256
75440700
75488134
7550113
75521275
755232
75548209
75554
75567
7561678
75618515
7564548
75670154
75736365
757394
7578913
7579201
75834956
7591003
75927280
7594805
75962333
7599643
76004619
76006617
760140
76016764
76035397
76041
760704
76086747
76092022
7609394
7617385
7618326
76207836
7620788
7621267
76266
76299521
7631951
7637225
76373238
7638578
7638711
7640889
764148
76444377
76582110
7660686
766376
76666725
76670
76676029
766937
76706320
76712
7671640
7672134
76733612
767724
76979962
7703737
7704351
77053367
77093983
7710167
7710679
77182418
7720
77209768
7724185
77358960
7738363
77412606
7744816
77465110
7746787
77504595
7753370
77534312
7758
7759316
77642562
77648371
7774279
7775076
7775415
77761759
777703
77777190
7780082
77858
77917133
7792613
77998505
78088
78166079
78229564
78258142
7827766
78357068
78403925
78469182
7847900
7853331
78574116
7857643
78581124
7859
786736
78762602
7879226
787998
78838621
7885215
78858375
78882575
78892984
7891766
789384
7895810
78969296
78973905
79000706
79030267
7905100
79053122
7907688
790811
790821
79113531
79145351
792198
79238963
7925494
79272854
7928116
79412832
79461533
795196
79562495
79609535
7961210
79642999
79673088
7968
796850
7970290
797552
79778419
7993269
799457
799476
7997214
8001292
80027463
8006247
8008490
8008550
8008792
80089926
80095809
801146
8012826
8017624
8018529
8021957
8036182
8040015
80438
8046610
80500754
8062849
806475
806502
80651
80666263
80695562
80713
807482
8077210
8078030
8081125
80890
8089358
809099
809485
80957883
810305
8109579
81143220
8115
8122118
812798
8129277
813008
813051
813256
8135909
8142510
8146520
8148062
8157141
8159347
81595719
8164414
8166267
81782
81799622
8183007
81847847
8187094
8189060
81970
8199296
8200647
8200813
8201149
8202728
8203
8204745
8213129
8214412
821736
8217405
8218132
822204
82301
8234278
8236787
824228
824657
8252709
82569
826572
82688
8273818
827582
8279562
827986
82857
8288708
8290075
8304622
8307536
8313186
8315373
8321385
832442
834194
8350098
835458
8355032
8364150
83739
8374795
837634
8377503
837839
838019
8384368
8391
839164
839384
83960
839617
8397306
8397454
8399415
840209
84035
8406434
8413186
8415301
843975
84409
84439
8445925
84467
845177
84659
8466994
8477
848141
848240
848557
8492555
8497109
8501007
851032
8513896
8517331
8520686
8521905
8522963
8523887
853087
8532469
854356
8548115
85595
8560195
8568970
857300
85738
8574053
859319
85993
8600680
8606625
860868
860908
861222
86161
8618045
8626479
8629982
86328
8637941
864512
86539
866119
8662279
866756
86689
867590
868995
86976
8703885
8704854
871153
8713959
871625
871781
8719483
8731234
8731664
874966
8760572
8764301
87797
8780063
8782224
87847
8795977
87975
8797787
88015
8814278
882569
88258
8831721
883185
883360
8843541
8845004
884506
8846958
8851285
885299
885843
886130
887024
888042
8886419
8886572
888758
8888182
8890590
889452
889821
8899963
890269
8903546
8926433
8934942
894200
894387
8946170
8955577
8957971
896593
8965979
8967182
896724
8968
8973867
8975899
8990479
8990960
8993695
90009
9001612
9001709
900176
9002
9009149
9016
903933
90464
9053979
90589
9065669
9066935
906823
9077832
9078624
90892
9092120
9096663
9105004
91140
911893
9123557
9123968
912652
9127296
9127794
913204
9139526
9145919
9149166
91521
9153585
9155411
915777
915945
9160952
9165916
9169975
9175524
9176347
9179925
9180731
9195630
9199412
9205975
920720
9208536
9211739
9211769
9212166
9216952
9218677
9234
923597
92364
923720
9241
92448
9251843
925407
9256071
926687
9273658
92758
9279614
9285677
92891
930260
9309600
931043
9310839
931149
9313943
9314
9316769
93170
9322976
9330740
93360
9347101
9355149
93583
9361618
9366475
936767
9368614
937568
9377557
9392876
9394640
9403559
9406623
9407
9410563
9412
9425208
9427
944220
9444596
944707
9450502
9451909
945404
9459043
946272
9463
9472244
9472577
9473554
9480665
94883
949430
9498275
9503760
9505630
951021
9516671
9516950
9519585
9523794
952600
9536
953658
9540427
95416
9543247
9545820
95477
9548
9548669
95525
955496
9556348
955690
9565067
95676
9568913
9575367
9580845
95886
958972
959690
9600143
9611647
9614294
9617576
961772
9618230
9635
963518
9639041
9639655
9646635
9652540
9656
9662157
9663527
9671718
9675329
968066
9685977
9689871
9690509
970211
9702154
970638
9715550
9723389
9723959
9731131
973926
9744682
9746051
9748424
9751291
9752153
9752301
9757
9757684
9765900
97687
97799
9785867
9798775
9799919
9809884
983461
9844815
9852678
9854277
986537
9871675
988539
988588
990017
9911975
9922138
9926214
9927548
992832
9929995
9942406
994681
9952456
996253
9965434
9965671
99697
997086
9975772
9984008
9988921
9989832
